N_use = 2000
pi = 0.018166216854
sigma = 6.32616966417
T = 2.2
N_use = 1999
pi = 0.0227555227542
sigma = 5.79148159454
T = 2.17
N_use = 1999
pi = 0.0282350556854
sigma = 5.17058715047
T = 2.14
N_use = 1999
pi = 0.0334354836469
sigma = 4.61070788363
T = 2.11
